J = 3; % Obszary ruchowe
K = 2; % Możliwe lokalizacje SMF

pop = [100000, 50000, 20000];
req_per_person = [0.00002, 0.00003, 0.000015];

tau = 600.0;

% latency k (1D) - opcjonalne
latency = [50.0, 40.0];

% Latency matrix (2D): rows=K, cols=J
latency_kj = array2d(1..2, 1..3,
  [ 10.0, 20.0, 150.0,   % k=1 (dobry dla j1,j2, zły dla j3)
    70.0, 40.0, 30.0 ]); % k=2

Lmax = 100.0;
C = 10000;
Nmin = 0;
Nmax = 10;

cost_per_instance = 1.0;
alpha_scale = 0.0;